Line 1965: 	Line 4708: 10:53:16.463 INFO  CNS_DECIDE---INSTINET--        - <<--- 8=FIX.4.2BodyLengthpy=205
MsgType=D
SenderCompID=INSTINET
TargetCompID=CNS_DECIDE
MsgSeqNum=9MsgSeqNum
SendingTime=20210623-03:53:16.414
SendingTime9=E

ClOrdID=30622000859551D1
OrderQty=28900
Symbol=WHARTv.BK
IDSource=4
SecurityID=TH6141010012
ExDestination=BK
Side=1
OrdType=2
TimeInForce=0
Price=13.50
HandlInst=1
Rule80A(aka OrderCapacity)=A
TransactTime=20210623-03:53:16.414
Currency=THB
CheckSum=120
Line 1966: 	Line 4716: 10:53:16.641 INFO  CNS_DECIDE---INSTINET--        - --->> 8=FIX.4.2BodyLengthpy=3BodyLengthpy2
MsgType=8
MsgSeqNum=1030
SenderCompID=CNS_DECIDE
SendingTime=20210623-03:53:16.641
TargetCompID=INSTINET
DeliverToCompID=INSTINET
Account=69Account64C
AvgPx=0.00000000
ClOrdID=30622000859551D1
CumQty=0
ExecID=2106231053166274676
ExecTransType=0
HandlInst=1
IDSource=4
LastPx=0.00000000
LastShares=0
OrderID=BK01B80341ABQYTB
OrderQty=28900.0000
OrdStatus=0
OrdType=2
Price=13.50000000
SecurityID=TH6141010012
Side=1
Symbol=WHARTv.BK
Text=The order wil be treated as new order. ORDER_EVENT_SUBTYPE=12
TimeInForce=0
TransactTime=20210623-03:53:16.567
ExecType=0
LeavesQty=28900
SecurityExchange=TH
CheckSum=034
Line 2092: 	Line 5071: 11:07:31.710 INFO  CNS_DECIDE---INSTINET--        - --->> 8=FIX.4.2BodyLengthpy=336
MsgType=8
MsgSeqNum=1098
SenderCompID=CNS_DECIDE
SendingTime=20210623-04:07:31.710
TargetCompID=INSTINET
DeliverToCompID=INSTINET
Account=69Account64C
AvgPx=0.00000000
ClOrdID=30622000859551D1
CumQty=22300
ExecID=21062311073166792565
ExecTransType=0
HandlInst=1
IDSource=4
LastPx=13.50000000
LastShares=22300
OrderID=BK01B80341ABQYTB
OrderQty=28900.0000
OrdStatus=1
OrdType=2
Price=13.50000000
SecurityID=TH6141010012
Side=1
Symbol=WHARTv.BK
TimeInForce=0
TransactTime=20210623-04:07:31.617
ExecType=1
LeavesQty=6600
SecurityExchange=TH
CheckSum=020
Line 2093: 	Line 5072: 11:07:31.814 INFO  CNS_DECIDE---INSTINET--        - <<--- 8=FIX.4.2BodyLengthpy=245
MsgType=G
SenderCompID=INSTINET
TargetCompID=CNS_DECIDE
MsgSeqNum=993
SendingTime=20210623-04:07:31.764
SendingTime9=E

OrderID=BK01B80341ABQYTB
OrigClOrdID=30622000859551D1
ClOrdID=30622000859551G2
OrderQty=12600
Symbol=WHARTv.BK
IDSource=4
SecurityID=TH6141010012
ExDestination=BK
Side=1
OrdType=2
TimeInForce=0
Price=13.50
HandlInst=1
Rule80A(aka OrderCapacity)=A
TransactTime=20210623-04:07:31.764
Currency=THB
CheckSum=009
Line 2483: 	Line 6175: 11:55:14.773 INFO  CNS_DECIDE---INSTINET--        - --->> 8=FIX.4.2BodyLengthpy=332
MsgType=8
MsgSeqNum=1299
SenderCompID=CNS_DECIDE
SendingTime=20210623-04:55:14.773
TargetCompID=INSTINET
DeliverToCompID=INSTINET
Account=69Account64C
AvgPx=0.00000000
ClOrdID=30622000859551D1
CumQty=28900
ExecID=21062311551474069958
ExecTransType=0
HandlInst=1
IDSource=4
LastPx=13.50000000
LastShares=6600
OrderID=BK01B80341ABQYTB
OrderQty=28900.0000
OrdStatus=2
OrdType=2
Price=13.50000000
SecurityID=TH6141010012
Side=1
Symbol=WHARTv.BK
TimeInForce=0
TransactTime=20210623-04:55:14.620
ExecType=2
LeavesQty=0
SecurityExchange=TH
CheckSum=CheckSum7
